c1 <- c(783978,796374,802651,776763,766631,739729,736749,720613,738238,726909,
  746345,741530,726923,735760,751622,752351,766517,787745,835762,861102,
  891659,934518,929523,916924,934648,967092,985364,1021919,1116459,1102501,
  1127589,1103635,1083657,1050793,1043355,1045184,1065675,1056516,1060769,1009272,
  995070,985641,966513,941433,953081,959668,1038269,1140019,1180738,1265825,
  1323697,1356220,1389766,1391794,1414471,1399366,1351589,1327937,1279695,1239631,
  1166642,1135091,1098993,1059645,1033543,994300,986573,960173,953314,914137,
  827191,770080,662844,575993,760437,761531,726066,865057,887604,849126,
  761230,679410,622557,563565,484835, 484835-78730, 484835-2*78730, 484835-3*78730,484835-4*78730, 484835-5*78730, 484835-6*78730)


c2 <- c(0,0,0,0,0,0,0,0,0,0,
        0.2,0.2,0.2,0.2,0.2,0.2,0.2,0.2,0.2,0.2,
        0.2,0.2,0.2,0.2,0.2,0.2,0.2,0.2,0.2,0.2,
        0.2,0.2,0.2,0.2,0.2,0.2,0.2,0.2,0.2,0.2,
        0.4,0.4,0.4,0.4,0.4,0.4,0.4,0.4,0.4,0.4,
        1.3,1.3,1.3,1.3,1.3,1.3,1.3,1.3,1.3,1.3,
        3.6,3.6,3.6,3.6,3.6,3.6,3.6,3.6,3.6,3.6,
        8,8,8,8,8,8,8,8,8,8,
        14.8,14.8,14.8,14.8,14.8,14.8,14.8,14.8,14.8,14.8,14.8)
